2 0.1716666666666667 0.29777777777777775 0.12166666666666667 0.23407407407407407
2 0.3325 0.25555555555555554 0.09333333333333334 0.22962962962962963
2 0.4941666666666667 0.22888888888888886 0.09000000000000001 0.22074074074074074
2 0.6125 0.2548148148148148 0.09833333333333334 0.21925925925925924
2 0.7837500000000001 0.20444444444444443 0.10250000000000001 0.22518518518518518
2 0.8962500000000001 0.2992592592592592 0.06916666666666667 0.14222222222222222
2 0.11166666666666668 0.3607407407407407 0.02 0.03407407407407407
2 0.05916666666666667 0.3644444444444444 0.02 0.04148148148148148
2 0.007083333333333334 0.37407407407407406 0.014166666666666668 0.03111111111111111
2 0.07333333333333333 0.3592592592592592 0.016666666666666666 0.03111111111111111
