2 0.8330827067669173 0.7675736961451247 0.07218045112781955 0.11111111111111112
2 0.9819548872180451 0.7199546485260772 0.0330827067669173 0.07936507936507936
2 0.681203007518797 0.7154195011337868 0.05714285714285715 0.09297052154195011
2 0.7563909774436091 0.7199546485260772 0.05413533834586466 0.07482993197278912
2 0.7834586466165414 0.6337868480725624 0.03609022556390978 0.061224489795918366
2 0.8428571428571429 0.6678004535147393 0.055639097744360905 0.08843537414965986
2 0.9 0.6700680272108843 0.04360902255639098 0.061224489795918366
2 0.5481203007518798 0.6598639455782314 0.04661654135338346 0.07256235827664399
2 0.5165413533834586 0.790249433106576 0.07067669172932331 0.10204081632653061
2 0.4661654135338346 0.6281179138321996 0.039097744360902256 0.05895691609977324
2 0.2744360902255639 0.7120181405895691 0.055639097744360905 0.09523809523809525
2 0.34511278195488726 0.6678004535147393 0.049624060150375945 0.07029478458049887
2 0.30000000000000004 0.5975056689342404 0.031578947368421054 0.05668934240362812
2 0.18571428571428572 0.6303854875283447 0.03759398496240602 0.05895691609977324
2 0.18345864661654138 0.5929705215419502 0.0330827067669173 0.04308390022675737
2 0.14962406015037594 0.572562358276644 0.02255639097744361 0.034013605442176874
2 0.12481203007518797 0.5566893424036281 0.02406015037593985 0.034013605442176874
2 0.530827067669173 0.5839002267573696 0.02105263157894737 0.02947845804988662
2 0.5827067669172933 0.5736961451247166 0.02556390977443609 0.031746031746031744
2 0.6233082706766918 0.6201814058956916 0.03458646616541353 0.05215419501133787
2 0.6526315789473685 0.6643990929705216 0.039097744360902256 0.05895691609977324
2 0.6879699248120301 0.6111111111111112 0.028571428571428574 0.04308390022675737
2 0.7330827067669173 0.6496598639455783 0.03759398496240602 0.05668934240362812
2 0.7541353383458647 0.5839002267573696 0.02556390977443609 0.03854875283446712
2 0.7210526315789474 0.5884353741496599 0.028571428571428574 0.03854875283446712
2 0.9210526315789475 0.6190476190476191 0.03458646616541353 0.045351473922902494
2 0.924812030075188 0.5328798185941043 0.02406015037593985 0.036281179138321996
2 0.8105263157894738 0.5589569160997733 0.01804511278195489 0.02947845804988662
2 0.7894736842105263 0.5600907029478458 0.02105263157894737 0.036281179138321996
2 0.6609022556390978 0.5147392290249433 0.019548872180451128 0.031746031746031744
2 0.6894736842105263 0.5204081632653061 0.019548872180451128 0.02947845804988662
2 0.41127819548872185 0.6111111111111112 0.031578947368421054 0.04308390022675737
2 0.37443609022556396 0.5839002267573696 0.02406015037593985 0.034013605442176874
2 0.2646616541353384 0.5929705215419502 0.030075187969924814 0.04308390022675737
2 0.2368421052631579 0.5691609977324263 0.02556390977443609 0.036281179138321996
2 0.21879699248120302 0.564625850340136 0.02255639097744361 0.036281179138321996
2 0.4774436090225564 0.590702947845805 0.02556390977443609 0.034013605442176874
2 0.8714285714285714 0.5634920634920635 0.01654135338345865 0.024943310657596373
2 0.5654135338345865 0.572562358276644 0.01804511278195489 0.024943310657596373
2 0.6045112781954888 0.5589569160997733 0.02105263157894737 0.02947845804988662
2 0.6142857142857143 0.5714285714285714 0.019548872180451128 0.0272108843537415
2 0.6285714285714286 0.5385487528344671 0.015037593984962407 0.020408163265306124
2 0.6458646616541354 0.5736961451247166 0.02255639097744361 0.031746031746031744
2 0.7007518796992481 0.5498866213151927 0.015037593984962407 0.024943310657596373
2 0.7631578947368421 0.5566893424036281 0.01654135338345865 0.024943310657596373
2 0.42406015037593986 0.5691609977324263 0.02105263157894737 0.031746031746031744
2 0.4075187969924812 0.5839002267573696 0.02706766917293233 0.034013605442176874
2 0.46315789473684216 0.5793650793650794 0.02706766917293233 0.03854875283446712
2 0.48571428571428577 0.5714285714285714 0.02105263157894737 0.031746031746031744
2 0.5383458646616541 0.5532879818594104 0.015037593984962407 0.0272108843537415
2 0.7338345864661655 0.5589569160997733 0.015037593984962407 0.020408163265306124
2 0.5263157894736843 0.6496598639455783 0.02706766917293233 0.05215419501133787
2 0.562406015037594 0.5340136054421769 0.012030075187969926 0.015873015873015872
2 0.581203007518797 0.5351473922902494 0.01654135338345865 0.022675736961451247
2 0.4428571428571429 0.5634920634920635 0.019548872180451128 0.02947845804988662
2 0.7789473684210527 0.6043083900226758 0.030075187969924814 0.03854875283446712
2 0.039097744360902256 0.8514739229024944 0.07819548872180451 0.14739229024943312
2 0.05714285714285715 0.7244897959183674 0.06917293233082707 0.10657596371882086
2 0.059398496240601506 0.6587301587301587 0.058646616541353384 0.05668934240362812
2 0.062406015037593986 0.6281179138321996 0.049624060150375945 0.049886621315192746
2 0.06842105263157895 0.5873015873015873 0.04360902255639098 0.045351473922902494
2 0.09172932330827069 0.5759637188208617 0.02706766917293233 0.036281179138321996
2 0.07819548872180451 0.5498866213151927 0.01804511278195489 0.02947845804988662
2 0.1917293233082707 0.5578231292517007 0.019548872180451128 0.0272108843537415
2 0.30451127819548873 0.5532879818594104 0.01654135338345865 0.022675736961451247
2 0.3481203007518797 0.5691609977324263 0.019548872180451128 0.031746031746031744
2 0.33007518796992485 0.5510204081632654 0.01654135338345865 0.022675736961451247
2 0.3774436090225564 0.554421768707483 0.01804511278195489 0.024943310657596373
2 0.0481203007518797 0.4920634920634921 0.015037593984962407 0.0272108843537415
2 0.059398496240601506 0.5317460317460317 0.01654135338345865 0.024943310657596373
2 0.11954887218045114 0.528344671201814 0.013533834586466165 0.018140589569160998
2 0.2330827067669173 0.5408163265306123 0.015037593984962407 0.020408163265306124
2 0.2180451127819549 0.5396825396825397 0.012030075187969926 0.018140589569160998
2 0.8413533834586466 0.6122448979591837 0.03759398496240602 0.04081632653061225
2 0.8195488721804511 0.6349206349206349 0.030075187969924814 0.04081632653061225
2 0.962406015037594 0.5782312925170068 0.01804511278195489 0.0272108843537415
2 0.9819548872180451 0.5816326530612245 0.02406015037593985 0.034013605442176874
2 0.9218045112781955 0.7210884353741497 0.06917293233082707 0.09523809523809525
2 0.4105263157894737 0.7120181405895691 0.05413533834586466 0.07709750566893424
2 0.33082706766917297 0.5816326530612245 0.02406015037593985 0.03854875283446712
2 0.8406015037593986 0.5578231292517007 0.015037593984962407 0.022675736961451247
2 0.8533834586466166 0.5578231292517007 0.01654135338345865 0.022675736961451247
2 0.9578947368421054 0.5498866213151927 0.012030075187969926 0.020408163265306124
2 0.8917293233082707 0.5612244897959184 0.01804511278195489 0.024943310657596373
2 0.6097744360902256 0.526077097505669 0.010526315789473686 0.018140589569160998
2 0.8218045112781955 0.5306122448979592 0.013533834586466165 0.018140589569160998
2 0.8481203007518797 0.536281179138322 0.012030075187969926 0.020408163265306124
