2 0.4991652754590985 0.5567928730512249 0.06010016694490818 0.0757238307349666
2 0.5425709515859767 0.5534521158129175 0.04006677796327212 0.06458797327394208
2 0.6018363939899833 0.5456570155902004 0.05509181969949917 0.07126948775055679
2 0.657762938230384 0.5378619153674833 0.04674457429048414 0.05567928730512249
2 0.7203672787979967 0.532293986636971 0.045075125208681135 0.06236080178173719
2 0.8071786310517529 0.5334075723830735 0.045075125208681135 0.051224944320712694
2 0.8722871452420702 0.5233853006681515 0.045075125208681135 0.05790645879732739
2 0.7479131886477463 0.655902004454343 0.09682804674457429 0.13140311804008908
2 0.8964941569282138 0.5590200445434298 0.06010016694490818 0.08908685968819599
2 0.9782971619365609 0.5111358574610245 0.04006677796327212 0.06458797327394208
2 0.9398998330550918 0.5066815144766147 0.03005008347245409 0.042316258351893093
2 0.9098497495826378 0.5256124721603563 0.04006677796327212 0.04008908685968819
2 0.7963272120200334 0.5668151447661469 0.06010016694490818 0.060133630289532294
0 0.4223706176961603 0.6224944320712694 0.07345575959933222 0.11358574610244988
0 0.506677796327212 0.611358574610245 0.05843071786310518 0.08240534521158129
0 0.8096828046744574 0.621380846325167 0.06343906510851419 0.09799554565701558
0 0.8664440734557596 0.6269487750556793 0.05342237061769616 0.06458797327394208
0 0.07846410684474124 0.5612472160356348 0.05342237061769616 0.06681514476614699
0 0.17278797996661102 0.5489977728285078 0.041736227045075125 0.051224944320712694
0 0.21869782971619367 0.5278396436525612 0.0333889816360601 0.044543429844097995
0 0.2879799666110184 0.5222717149220489 0.028380634390651086 0.042316258351893093
2 0.27295492487479134 0.512249443207127 0.021702838063439065 0.031180400890868595
0 0.335559265442404 0.5267260579064588 0.02337228714524207 0.028953229398663696
0 0.31552587646076796 0.5077951002227171 0.02003338898163606 0.026726057906458794
0 0.4290484140233723 0.4743875278396436 0.01669449081803005 0.022271714922048998
0 0.31135225375626047 0.46993318485523383 0.011686143572621035 0.017817371937639197
0 0.37145242070116863 0.512249443207127 0.018363939899833055 0.026726057906458794
0 0.3814691151919867 0.5022271714922049 0.018363939899833055 0.028953229398663696
0 0.5158597662771286 0.4910913140311804 0.01335559265442404 0.020044543429844096
2 0.5459098497495827 0.5144766146993318 0.02671118530884808 0.031180400890868595
2 0.7804674457429048 0.5155902004454342 0.028380634390651086 0.03340757238307349
2 0.8430717863105176 0.5178173719376392 0.03005008347245409 0.04677060133630289
2 0.6828046744574291 0.5244988864142539 0.03005008347245409 0.051224944320712694
0 0.034223706176961605 0.5590200445434298 0.035058430717863104 0.05345211581291759
0 0.04257095158597663 0.5356347438752783 0.038397328881469114 0.042316258351893093
0 0.1277128547579299 0.5278396436525612 0.028380634390651086 0.044543429844097995
0 0.10767946577629382 0.5456570155902004 0.035058430717863104 0.05345211581291759
0 0.11769616026711185 0.47216035634743875 0.021702838063439065 0.026726057906458794
0 0.1335559265442404 0.47772828507795095 0.01669449081803005 0.024498886414253896
0 0.15692821368948248 0.47995545657015587 0.01669449081803005 0.028953229398663696
0 0.24540901502504175 0.5022271714922049 0.01669449081803005 0.024498886414253896
0 0.2287145242070117 0.4665924276169265 0.01335559265442404 0.020044543429844096
0 0.24624373956594325 0.4599109131403118 0.011686143572621035 0.015590200445434297
