2 0.1375 0.410913140311804 0.08166666666666667 0.10913140311804008
2 0.3275 0.4265033407572383 0.05166666666666667 0.08240534521158129
2 0.4 0.4532293986636971 0.043333333333333335 0.051224944320712694
2 0.44083333333333335 0.4454342984409799 0.03833333333333334 0.05790645879732739
2 0.48583333333333334 0.420935412026726 0.04833333333333334 0.07126948775055679
2 0.5516666666666667 0.4198218262806236 0.04 0.060133630289532294
2 0.5875 0.4309576837416481 0.045000000000000005 0.06458797327394208
2 0.6708333333333334 0.3997772828507795 0.055 0.0779510022271715
2 0.8191666666666667 0.43986636971046766 0.03166666666666667 0.05567928730512249
2 0.8908333333333334 0.38084632516703787 0.058333333333333334 0.10244988864142539
0 0.030000000000000002 0.39420935412026725 0.060000000000000005 0.12026726057906459
0 0.26333333333333336 0.4465478841870824 0.043333333333333335 0.060133630289532294
0 0.6241666666666668 0.4521158129175946 0.028333333333333335 0.035634743875278395
0 0.7716666666666667 0.4354120267260579 0.03666666666666667 0.04677060133630289
