2 0.43833333333333335 0.5166666666666667 0.023333333333333334 0.04666666666666667
2 0.49722222222222223 0.4991666666666667 0.027777777777777776 0.04833333333333334
2 0.7166666666666667 0.49833333333333335 0.013333333333333332 0.02
2 0.5611111111111111 0.515 0.006666666666666666 0.013333333333333334
2 0.4722222222222222 0.5108333333333334 0.011111111111111112 0.018333333333333333
2 0.6755555555555556 0.4991666666666667 0.011111111111111112 0.018333333333333333
2 0.705 0.4991666666666667 0.01 0.015000000000000001
2 0.5372222222222223 0.51 0.012222222222222223 0.016666666666666666
2 0.3472222222222222 0.5216666666666667 0.01 0.02
2 0.8016666666666666 0.5041666666666667 0.012222222222222223 0.021666666666666667
2 0.8416666666666667 0.49583333333333335 0.012222222222222223 0.021666666666666667
