2 0.5871428571428572 0.20040485829959515 0.23714285714285716 0.4008097165991903
2 0.8271428571428572 0.5 0.07714285714285714 0.12550607287449392
2 0.89 0.52834008097166 0.07714285714285714 0.14979757085020243
2 0.9714285714285714 0.5384615384615384 0.05142857142857143 0.12955465587044535
2 0.2357142857142857 0.6497975708502024 0.04285714285714286 0.07692307692307693
2 0.25285714285714284 0.6133603238866396 0.04285714285714286 0.06882591093117409
0 0.08857142857142856 0.688259109311741 0.04 0.06477732793522267
0 0.06571428571428571 0.5748987854251012 0.04 0.08097165991902834
0 0.03142857142857143 0.6032388663967612 0.03428571428571429 0.05668016194331984
0 0.19285714285714287 0.6153846153846154 0.03142857142857143 0.05668016194331984
