2 0.507 0.27134146341463417 0.094 0.14634146341463417
2 0.738 0.475609756097561 0.2 0.29878048780487804
0 0.189 0.5030487804878049 0.202 0.3353658536585366
0 0.048 0.22560975609756098 0.096 0.1524390243902439
0 0.248 0.22408536585365854 0.044 0.08231707317073171
0 0.28500000000000003 0.3079268292682927 0.058 0.11585365853658537
0 0.88 0.15396341463414634 0.06 0.11280487804878049
0 0.966 0.09146341463414634 0.052000000000000005 0.12195121951219512
0 0.806 0.125 0.052000000000000005 0.09146341463414634
0 0.774 0.10365853658536586 0.024 0.06097560975609756
0 0.724 0.09603658536585366 0.056 0.08841463414634147
0 0.634 0.14939024390243902 0.04 0.06707317073170732
0 0.602 0.2774390243902439 0.084 0.12804878048780488
0 0.56 0.10823170731707317 0.032 0.06402439024390244
0 0.534 0.11890243902439025 0.024 0.04878048780487805
0 0.497 0.11890243902439025 0.026000000000000002 0.04878048780487805
0 0.601 0.13871951219512196 0.022 0.05182926829268293
0 0.21 0.1951219512195122 0.036000000000000004 0.04878048780487805
0 0.331 0.1676829268292683 0.046 0.08536585365853659
0 0.434 0.14939024390243902 0.06 0.11585365853658537
0 0.38 0.12957317073170732 0.036000000000000004 0.057926829268292686
0 0.248 0.10823170731707317 0.04 0.05182926829268293
0 0.192 0.12652439024390244 0.016 0.03353658536585366
0 0.213 0.1326219512195122 0.014 0.027439024390243903
0 0.196 0.1524390243902439 0.016 0.024390243902439025
0 0.342 0.11432926829268293 0.02 0.027439024390243903
0 0.6900000000000001 0.1402439024390244 0.028 0.054878048780487805
0 0.652 0.13109756097560976 0.032 0.06097560975609756
