2 0.094 0.34234234234234234 0.07200000000000001 0.10810810810810811
2 0.22 0.35285285285285284 0.064 0.10510510510510511
2 0.264 0.34234234234234234 0.048 0.0960960960960961
2 0.312 0.34534534534534533 0.048 0.10810810810810811
2 0.363 0.34534534534534533 0.062 0.11411411411411411
2 0.424 0.36336336336336333 0.056 0.0960960960960961
2 0.541 0.34234234234234234 0.066 0.12612612612612611
2 0.582 0.31981981981981983 0.048 0.09309309309309309
2 0.612 0.34384384384384387 0.064 0.10510510510510511
2 0.671 0.3288288288288288 0.066 0.12912912912912913
2 0.721 0.34384384384384387 0.046 0.08708708708708708
2 0.781 0.3408408408408408 0.07 0.12312312312312312
2 0.904 0.3843843843843844 0.07200000000000001 0.12012012012012012
0 0.154 0.36486486486486486 0.056 0.09309309309309309
0 0.453 0.3483483483483483 0.034 0.06606606606606606
0 0.516 0.31681681681681684 0.028 0.06906906906906907
