2 0.482 0.5098870056497176 0.068 0.09322033898305085
2 0.454 0.5310734463276836 0.04 0.07344632768361582
2 0.5660000000000001 0.5084745762711864 0.064 0.0790960451977401
2 0.666 0.5268361581920904 0.07200000000000001 0.09322033898305085
2 0.724 0.5 0.048 0.05649717514124294
2 0.732 0.5437853107344632 0.056 0.07627118644067797
2 0.793 0.5536723163841808 0.062 0.0790960451977401
2 0.914 0.5466101694915254 0.068 0.08757062146892655
0 0.05 0.5338983050847458 0.07200000000000001 0.10734463276836158
0 0.157 0.5254237288135594 0.026000000000000002 0.03954802259887005
0 0.195 0.5423728813559322 0.026000000000000002 0.03954802259887005
0 0.246 0.5296610169491526 0.028 0.0423728813559322
0 0.291 0.5437853107344632 0.034 0.05367231638418079
0 0.35100000000000003 0.5805084745762712 0.042 0.06497175141242938
0 0.868 0.5508474576271186 0.068 0.1016949152542373
