2 0.14833333333333334 0.38834951456310673 0.15000000000000002 0.24271844660194172
2 0.275 0.3810679611650485 0.10333333333333335 0.17961165048543687
2 0.4116666666666667 0.3834951456310679 0.09666666666666668 0.16504854368932037
2 0.5383333333333333 0.3834951456310679 0.09000000000000001 0.14563106796116504
2 0.7233333333333334 0.4053398058252427 0.07333333333333333 0.13106796116504854
2 0.7666666666666667 0.43932038834951453 0.08666666666666667 0.15048543689320387
2 0.9516666666666668 0.3543689320388349 0.09000000000000001 0.1844660194174757
2 0.7183333333333334 0.23058252427184464 0.030000000000000002 0.04368932038834951
2 0.9133333333333334 0.04854368932038834 0.02666666666666667 0.038834951456310676
2 0.8500000000000001 0.12864077669902912 0.02666666666666667 0.04368932038834951
2 0.7816666666666667 0.22815533980582522 0.030000000000000002 0.038834951456310676
2 0.5616666666666666 0.22815533980582522 0.030000000000000002 0.04854368932038834
2 0.5066666666666667 0.21359223300970873 0.03333333333333333 0.04854368932038834
2 0.43333333333333335 0.23300970873786406 0.02666666666666667 0.04854368932038834
2 0.3116666666666667 0.2087378640776699 0.030000000000000002 0.04854368932038834
2 0.13 0.21844660194174756 0.04 0.058252427184466014
2 0.09833333333333334 0.16019417475728154 0.03666666666666667 0.06796116504854369
