2 0.15069444444444444 0.3958333333333333 0.07083333333333333 0.12916666666666665
2 0.21180555555555555 0.45208333333333334 0.04027777777777778 0.06666666666666667
2 0.2569444444444445 0.434375 0.036111111111111115 0.06458333333333333
2 0.23819444444444446 0.4322916666666667 0.02638888888888889 0.06458333333333333
2 0.2881944444444445 0.459375 0.02638888888888889 0.052083333333333336
2 0.3076388888888889 0.45625 0.029166666666666667 0.058333333333333334
2 0.33611111111111114 0.42291666666666666 0.04722222222222222 0.07916666666666666
2 0.37222222222222223 0.40729166666666666 0.03888888888888889 0.08125
2 0.3993055555555556 0.42291666666666666 0.034722222222222224 0.06666666666666667
2 0.4416666666666667 0.4166666666666667 0.05277777777777778 0.09583333333333333
2 0.46597222222222223 0.41562499999999997 0.03194444444444445 0.06458333333333333
2 0.5 0.4375 0.036111111111111115 0.0625
2 0.5645833333333333 0.39479166666666665 0.05416666666666667 0.10208333333333333
2 0.6166666666666667 0.4010416666666667 0.0638888888888889 0.11041666666666666
2 0.1763888888888889 0.4510416666666667 0.022222222222222223 0.04791666666666666
2 0.7020833333333334 0.39479166666666665 0.06805555555555556 0.11875
2 0.6652777777777779 0.4114583333333333 0.036111111111111115 0.09375
2 0.7861111111111111 0.38958333333333334 0.06944444444444445 0.11666666666666667
2 0.8506944444444445 0.409375 0.04861111111111111 0.08958333333333333
2 0.9083333333333333 0.390625 0.058333333333333334 0.10625
2 0.9680555555555556 0.4083333333333333 0.05555555555555556 0.09166666666666666
