2 0.03 0.35833333333333334 0.06 0.11666666666666667
2 0.08375 0.35500000000000004 0.0525 0.09000000000000001
2 0.0525 0.3216666666666667 0.045 0.07
2 0.71625 0.35833333333333334 0.0775 0.13
2 0.8525 0.3433333333333334 0.075 0.12000000000000001
2 0.635 0.3066666666666667 0.05 0.07333333333333333
2 0.5437500000000001 0.3383333333333334 0.0525 0.09000000000000001
2 0.425 0.32833333333333337 0.04 0.06333333333333334
2 0.41250000000000003 0.305 0.03 0.05666666666666667
2 0.34125 0.32666666666666666 0.0425 0.08
2 0.22 0.33166666666666667 0.055 0.09666666666666668
2 0.31375000000000003 0.3066666666666667 0.0425 0.060000000000000005
2 0.1875 0.32833333333333337 0.035 0.07666666666666667
