2 0.3111111111111111 0.7476190476190477 0.13333333333333333 0.2
2 0.6595238095238095 0.5440476190476191 0.09365079365079365 0.1642857142857143
2 0.7380952380952381 0.6714285714285715 0.13015873015873017 0.2
2 0.8055555555555556 0.3166666666666667 0.05873015873015873 0.1
2 0.7793650793650794 0.23095238095238096 0.06031746031746032 0.09523809523809525
2 0.6563492063492063 0.2666666666666667 0.046031746031746035 0.08571428571428572
2 0.6436507936507937 0.18809523809523812 0.046031746031746035 0.0761904761904762
2 0.34444444444444444 0.034523809523809526 0.01904761904761905 0.030952380952380953
2 0.5190476190476191 0.03214285714285715 0.01904761904761905 0.03571428571428572
2 0.5825396825396826 0.029761904761904764 0.01904761904761905 0.03571428571428572
2 0.32063492063492066 0.034523809523809526 0.01904761904761905 0.03571428571428572
2 0.10873015873015873 0.04642857142857143 0.020634920634920634 0.03571428571428572
2 0.1619047619047619 0.06309523809523811 0.01904761904761905 0.030952380952380953
0 0.07142857142857142 0.2785714285714286 0.04126984126984127 0.0761904761904762
0 0.09285714285714286 0.18571428571428572 0.03333333333333333 0.05714285714285715
0 0.16825396825396827 0.1011904761904762 0.01904761904761905 0.045238095238095244
0 0.20873015873015874 0.0642857142857143 0.01746031746031746 0.03333333333333334
0 0.07857142857142857 0.03928571428571429 0.020634920634920634 0.03571428571428572
0 0.0373015873015873 0.03214285714285715 0.026984126984126985 0.04047619047619048
0 0.4158730158730159 0.027380952380952384 0.01904761904761905 0.03571428571428572
0 0.3888888888888889 0.1511904761904762 0.031746031746031744 0.05
0 0.6333333333333333 0.027380952380952384 0.01904761904761905 0.030952380952380953
0 0.7285714285714285 0.15714285714285717 0.0380952380952381 0.08095238095238096
0 0.765079365079365 0.09285714285714286 0.02857142857142857 0.06190476190476191
2 0.6214285714285714 0.27142857142857146 0.04285714285714286 0.09047619047619049
0 0.30873015873015874 0.03928571428571429 0.011111111111111112 0.026190476190476195
