2 0.1279296875 0.10611979166666666 0.08984375 0.15234375
2 0.50732421875 0.06575520833333333 0.0439453125 0.08463541666666666
2 0.72021484375 0.16666666666666666 0.0380859375 0.0703125
2 0.8115234375 0.13932291666666666 0.044921875 0.078125
2 0.865234375 0.16927083333333331 0.044921875 0.07291666666666666
2 0.94677734375 0.166015625 0.0478515625 0.07161458333333333
2 0.521484375 0.599609375 0.166015625 0.22786458333333331
2 0.8544921875 0.5989583333333333 0.1015625 0.1875
2 0.8232421875 0.9375 0.07421875 0.1171875
2 0.50390625 0.9283854166666666 0.068359375 0.09635416666666666
2 0.17822265625 0.9173177083333333 0.0478515625 0.07942708333333333
2 0.1376953125 0.5423177083333333 0.078125 0.16276041666666666
