2 0.08363636363636363 0.387135922330097 0.05454545454545454 0.0849514563106796
2 0.1590909090909091 0.37621359223300965 0.04909090909090909 0.07281553398058252
2 0.2190909090909091 0.37257281553398053 0.04181818181818182 0.06553398058252427
2 0.28 0.38834951456310673 0.04 0.06310679611650485
2 0.3527272727272727 0.40048543689320387 0.03272727272727273 0.05339805825242718
2 0.4354545454545454 0.3701456310679611 0.03090909090909091 0.0558252427184466
2 0.5027272727272727 0.387135922330097 0.03090909090909091 0.06067961165048543
2 0.5581818181818182 0.3810679611650485 0.03272727272727273 0.06310679611650485
2 0.6381818181818182 0.35922330097087374 0.03272727272727273 0.05339805825242718
2 0.6581818181818182 0.3907766990291262 0.03272727272727273 0.058252427184466014
2 0.7027272727272728 0.3810679611650485 0.038181818181818185 0.07281553398058252
2 0.7836363636363637 0.39563106796116504 0.04727272727272727 0.07766990291262135
2 0.88 0.337378640776699 0.05090909090909091 0.07766990291262135
2 0.9272727272727272 0.3798543689320388 0.04 0.0558252427184466
