2 0.2818991097922849 0.32 0.18397626112759644 0.20444444444444446
2 0.6780415430267063 0.30666666666666664 0.21068249258160238 0.19555555555555557
2 0.7997032640949555 0.21666666666666667 0.18100890207715134 0.20222222222222222
2 0.9035608308605342 0.2222222222222222 0.11572700296735905 0.15555555555555556
2 0.05341246290801187 0.3 0.10682492581602374 0.17333333333333334
2 0.20474777448071219 0.21 0.16617210682492584 0.15333333333333332
2 0.1261127596439169 0.20555555555555555 0.12166172106824927 0.15333333333333332
2 0.456973293768546 0.26666666666666666 0.18991097922848665 0.17333333333333334
2 0.5741839762611276 0.2 0.17507418397626112 0.16444444444444445
2 0.42729970326409494 0.1388888888888889 0.142433234421365 0.12666666666666668
2 0.24925816023738873 0.15444444444444444 0.13056379821958458 0.11777777777777777
2 0.7359050445103857 0.05555555555555555 0.10682492581602374 0.08
2 0.040059347181008904 0.16444444444444445 0.08011869436201781 0.10222222222222223
2 0.9554896142433235 0.19333333333333333 0.08308605341246292 0.16
2 0.37833827893175076 0.06888888888888889 0.10385756676557864 0.08888888888888889
2 0.8367952522255193 0.09333333333333334 0.10089020771513353 0.10222222222222223
0 0.08902077151335312 0.058888888888888886 0.0712166172106825 0.06
0 0.2789317507418398 0.03222222222222222 0.05934718100890208 0.04666666666666667
2 0.47477744807121663 0.05333333333333333 0.0771513353115727 0.057777777777777775
