2 0.5692913385826771 0.2558746736292428 0.16850393700787403 0.391644908616188
0 0.15826771653543306 0.272845953002611 0.14330708661417324 0.31592689295039167
0 0.04409448818897638 0.1618798955613577 0.08818897637795275 0.20887728459530025
0 0.15748031496062992 0.10966057441253264 0.14173228346456693 0.1566579634464752
0 0.40708661417322833 0.0835509138381201 0.11496062992125984 0.1671018276762402
0 0.28188976377952757 0.46866840731070497 0.1921259842519685 0.33159268929503916
0 0.7905511811023622 0.4751958224543081 0.1858267716535433 0.3342036553524804
0 0.8929133858267716 0.27154046997389036 0.2110236220472441 0.29765013054830286
0 0.8307086614173228 0.12924281984334204 0.14330708661417324 0.22715404699738903
0 0.7291338582677165 0.13577023498694518 0.10078740157480315 0.2245430809399478
0 0.6196850393700787 0.097911227154047 0.11181102362204724 0.195822454308094
0 0.4881889763779528 0.12402088772845953 0.11968503937007874 0.22193211488250653
0 0.36141732283464567 0.8342036553524804 0.3543307086614173 0.3263707571801567
