2 0.4809090909090909 0.4041095890410959 0.12181818181818181 0.21095890410958903
2 0.4309090909090909 0.2876712328767123 0.08727272727272728 0.14794520547945206
2 0.4918181818181818 0.23835616438356164 0.034545454545454546 0.049315068493150684
2 0.5763636363636364 0.16164383561643836 0.05090909090909091 0.0821917808219178
2 0.649090909090909 0.1917808219178082 0.04727272727272727 0.09315068493150686
2 0.6936363636363636 0.17397260273972603 0.045454545454545456 0.07397260273972603
2 0.8054545454545454 0.15753424657534246 0.04727272727272727 0.08493150684931507
0 0.5581818181818182 0.30547945205479454 0.06909090909090909 0.1178082191780822
0 0.4254545454545455 0.18493150684931506 0.05090909090909091 0.09041095890410959
0 0.8554545454545455 0.2273972602739726 0.07454545454545454 0.11506849315068493
0 0.9218181818181819 0.2602739726027397 0.03272727272727273 0.06027397260273973
0 0.02909090909090909 0.3684931506849315 0.05818181818181818 0.0958904109589041
2 0.05909090909090909 0.4246575342465753 0.056363636363636366 0.08767123287671233
