2 0.38181818181818183 0.09814323607427056 0.10181818181818182 0.1962864721485411
2 0.66 0.12201591511936338 0.11272727272727273 0.17506631299734748
2 0.8354545454545454 0.22148541114058354 0.034545454545454546 0.055702917771883284
2 0.79 0.1883289124668435 0.03090909090909091 0.05835543766578249
2 0.5463636363636364 0.2015915119363395 0.03090909090909091 0.04774535809018567
2 0.05 0.16047745358090185 0.03090909090909091 0.06100795755968169
2 0.11454545454545455 0.2745358090185676 0.02909090909090909 0.05039787798408488
2 0.17545454545454545 0.26657824933687 0.023636363636363636 0.034482758620689655
2 0.9718181818181818 0.17506631299734748 0.04909090909090909 0.09018567639257294
2 0.3090909090909091 0.18037135278514588 0.025454545454545455 0.03713527851458886
