2 0.44642857142857145 0.3743872549019608 0.08238636363636365 0.1488970588235294
2 0.2285917207792208 0.3606004901960784 0.16578733766233766 0.3327205882352941
2 0.03145292207792208 0.4013480392156863 0.06290584415584416 0.32965686274509803
2 0.05073051948051949 0.3003982843137255 0.10146103896103897 0.2925857843137255
2 0.09902597402597403 0.3483455882352941 0.07224025974025974 0.23039215686274508
2 0.33786525974025977 0.4181985294117647 0.06858766233766234 0.16482843137254902
2 0.1476258116883117 0.39644607843137253 0.06310876623376624 0.15747549019607843
0 0.6133319805194806 0.38985906862745096 0.06716720779220779 0.14246323529411764
0 0.8169642857142858 0.37699142156862747 0.11607142857142858 0.21660539215686275
0 0.9251217532467533 0.42049632352941174 0.06655844155844157 0.1173406862745098
0 0.9766639610389611 0.3673406862745098 0.04626623376623377 0.16115196078431374
0 0.35521509740259744 0.36611519607843135 0.042004870129870135 0.09926470588235294
