2 0.2644927536231884 0.5743243243243243 0.15797101449275364 0.2335907335907336
2 0.7724637681159421 0.4797297297297297 0.11014492753623188 0.16023166023166024
2 0.6115942028985507 0.30984555984555984 0.057971014492753624 0.09073359073359073
2 0.5528985507246377 0.2625482625482626 0.04782608695652174 0.07335907335907337
2 0.5181159420289855 0.222007722007722 0.050724637681159424 0.07722007722007722
2 0.3789855072463768 0.3407335907335907 0.05652173913043478 0.09073359073359073
2 0.3710144927536232 0.43532818532818535 0.08115942028985507 0.12934362934362933
2 0.40217391304347827 0.24324324324324326 0.050724637681159424 0.08108108108108109
2 0.4934782608695652 0.15347490347490347 0.036231884057971016 0.0637065637065637
2 0.25072463768115943 0.28861003861003864 0.06086956521739131 0.08687258687258688
2 0.07318840579710145 0.4198841698841699 0.07971014492753624 0.10231660231660232
2 0.2717391304347826 0.2306949806949807 0.04782608695652174 0.0637065637065637
0 0.17173913043478262 0.166988416988417 0.030434782608695653 0.052123552123552123
0 0.9434782608695652 0.21621621621621623 0.0463768115942029 0.0694980694980695
2 0.841304347826087 0.2084942084942085 0.03333333333333333 0.04633204633204634
2 0.6427536231884058 0.0637065637065637 0.02463768115942029 0.04633204633204634
0 0.057971014492753624 0.14285714285714285 0.03768115942028986 0.05405405405405406
0 0.12608695652173912 0.138996138996139 0.028985507246376812 0.03861003861003861
0 0.15434782608695652 0.14285714285714285 0.02753623188405797 0.03474903474903475
0 0.22028985507246376 0.11293436293436293 0.026086956521739132 0.03281853281853282
2 0.2528985507246377 0.11196911196911197 0.02753623188405797 0.04247104247104247
0 0.2739130434782609 0.0637065637065637 0.02318840579710145 0.03474903474903475
0 0.30144927536231886 0.06274131274131274 0.02318840579710145 0.02895752895752896
0 0.40652173913043477 0.16505791505791506 0.030434782608695653 0.0444015444015444
2 0.45362318840579713 0.12355212355212356 0.026086956521739132 0.03861003861003861
0 0.40144927536231884 0.0945945945945946 0.026086956521739132 0.03861003861003861
