2 0.05067567567567568 0.49999999999999994 0.10135135135135136 0.31988472622478387
2 0.20523648648648649 0.30979827089337175 0.16385135135135137 0.2968299711815562
2 0.35135135135135137 0.324207492795389 0.13513513513513514 0.2507204610951008
2 0.5194256756756757 0.2276657060518732 0.10641891891891893 0.1786743515850144
2 0.6005067567567568 0.44956772334293943 0.1097972972972973 0.25936599423631124
2 0.7837837837837838 0.2334293948126801 0.07770270270270271 0.15561959654178673
0 0.6815878378378378 0.23198847262247838 0.07263513513513514 0.15273775216138327
0 0.8927364864864865 0.08213256484149856 0.10304054054054054 0.1642651296829971
2 0.9721283783783784 0.09798270893371758 0.048986486486486486 0.19020172910662822
0 0.8201013513513514 0.19020172910662822 0.0320945945945946 0.06916426512968299
2 0.25760135135135137 0.1844380403458213 0.02195945945945946 0.040345821325648415
