2 0.79 0.28833333333333333 0.04666666666666667 0.08333333333333334
2 0.9288888888888889 0.255 0.057777777777777775 0.10333333333333335
0 0.3477777777777778 0.30333333333333334 0.05555555555555555 0.12000000000000001
0 0.21777777777777776 0.26833333333333337 0.09777777777777778 0.17
0 0.5377777777777778 0.2916666666666667 0.10666666666666666 0.21000000000000002
0 0.4633333333333333 0.3116666666666667 0.07333333333333333 0.15000000000000002
0 0.6033333333333334 0.315 0.051111111111111114 0.09000000000000001
0 0.6633333333333333 0.255 0.051111111111111114 0.10333333333333335
0 0.6188888888888889 0.2783333333333334 0.03777777777777778 0.07666666666666667
0 0.49 0.225 0.024444444444444446 0.05
0 0.8711111111111111 0.3216666666666667 0.022222222222222223 0.030000000000000002
0 0.99 0.3066666666666667 0.015555555555555555 0.05333333333333334
