2 0.845 0.4266666666666667 0.145 0.2066666666666667
2 0.7025 0.4416666666666667 0.045 0.07
2 0.755 0.45 0.045 0.08666666666666667
2 0.605 0.42000000000000004 0.04 0.06666666666666667
2 0.4625 0.4216666666666667 0.035 0.05666666666666667
2 0.5725 0.42833333333333334 0.03 0.05666666666666667
2 0.65 0.45 0.035 0.060000000000000005
0 0.16375 0.46 0.10250000000000001 0.11333333333333334
0 0.28500000000000003 0.445 0.075 0.09666666666666668
0 0.31875000000000003 0.4116666666666667 0.0525 0.08333333333333334
0 0.3825 0.445 0.03 0.06333333333333334
0 0.3525 0.4366666666666667 0.035 0.08
