2 0.645 0.41625 0.05 0.08750000000000001
2 0.5341666666666667 0.45 0.028333333333333335 0.055
2 0.47000000000000003 0.45 0.03333333333333333 0.065
2 0.40166666666666667 0.485 0.023333333333333334 0.04
2 0.36000000000000004 0.46625 0.03333333333333333 0.0525
2 0.27416666666666667 0.47750000000000004 0.028333333333333335 0.055
2 0.3241666666666667 0.49875 0.021666666666666667 0.0425
2 0.23333333333333334 0.47750000000000004 0.030000000000000002 0.06
2 0.6050000000000001 0.46625 0.023333333333333334 0.0425
2 0.42333333333333334 0.46 0.02666666666666667 0.06
