0 0.25181818181818183 0.43324250681198906 0.0890909090909091 0.1416893732970027
0 0.2972727272727273 0.3405994550408719 0.04181818181818182 0.05994550408719346
0 0.2081818181818182 0.30245231607629425 0.034545454545454546 0.05449591280653951
2 0.3718181818181818 0.2779291553133515 0.02727272727272727 0.03814713896457766
0 0.4081818181818182 0.3201634877384196 0.06363636363636363 0.10626702997275204
0 0.46 0.3065395095367847 0.04 0.06267029972752043
2 0.6054545454545455 0.2901907356948229 0.02909090909090909 0.04632152588555858
2 0.6863636363636364 0.27111716621253407 0.02727272727272727 0.04632152588555858
0 0.8545454545454545 0.3228882833787466 0.04727272727272727 0.07901907356948229
0 0.8690909090909091 0.2561307901907357 0.01818181818181818 0.0326975476839237
0 0.7381818181818182 0.28201634877384196 0.02181818181818182 0.04087193460490463
2 0.7218181818181818 0.28201634877384196 0.01818181818181818 0.03542234332425068
