0 0.287209 0.651786 0.151163 0.560714
0 0.116279 0.771429 0.130233 0.335714
0 0.523256 0.753571 0.148837 0.321429
0 0.756977 0.694643 0.202326 0.589286
0 0.889535 0.675000 0.188372 0.650000
0 0.965116 0.766071 0.069767 0.467857
2 0.265116 0.417857 0.060465 0.085714
2 0.141860 0.657143 0.051163 0.078571
2 0.508140 0.625000 0.048837 0.057143
2 0.726744 0.469643 0.095349 0.125000
2 0.918605 0.435714 0.097674 0.135714
2 0.968605 0.596429 0.062791 0.128571
3 0.294186 0.567857 0.086047 0.242857
3 0.766279 0.721429 0.146512 0.407143
3 0.898837 0.714286 0.113953 0.414286
