0 0.443462 0.387931 0.106923 0.403448
0 0.556538 0.378161 0.105385 0.377011
0 0.845000 0.336782 0.105385 0.377011
0 0.118846 0.445402 0.113077 0.286207
0 0.323462 0.561494 0.128462 0.419540
0 0.029231 0.911494 0.056923 0.177011
0 0.055769 0.529885 0.051538 0.126437
0 0.193846 0.519540 0.070769 0.112644
0 0.525000 0.510920 0.125385 0.178161
0 0.605000 0.491954 0.065385 0.121839
0 0.750385 0.450575 0.100769 0.218391
2 0.107692 0.340230 0.049231 0.064368
2 0.052692 0.493678 0.031538 0.049425
2 0.016154 0.904023 0.030769 0.049425
2 0.290000 0.406897 0.052308 0.087356
2 0.191923 0.504598 0.040769 0.068966
2 0.436538 0.229885 0.040769 0.068966
2 0.565769 0.231609 0.043846 0.077011
2 0.615769 0.472989 0.039231 0.065517
2 0.861923 0.177586 0.043846 0.067816
3 0.440385 0.337356 0.077692 0.164368
3 0.556538 0.350000 0.082308 0.205747
3 0.753462 0.402299 0.077692 0.140230
3 0.845000 0.287356 0.077692 0.140230
3 0.320000 0.516092 0.093846 0.204598
1 0.114615 0.449425 0.075385 0.147126
1 0.314615 0.480460 0.078462 0.117241
1 0.849231 0.297701 0.078462 0.163218
1 0.539231 0.492529 0.069231 0.102299
