0 0.172500 0.646250 0.198750 0.644167
0 0.262500 0.640833 0.131250 0.525000
0 0.350938 0.620000 0.120625 0.500000
0 0.435625 0.638333 0.128750 0.653333
0 0.556875 0.624583 0.133750 0.482500
0 0.627188 0.629167 0.146875 0.580000
0 0.744687 0.652500 0.143125 0.671667
2 0.169375 0.373333 0.077500 0.088333
2 0.266875 0.419167 0.068750 0.073333
2 0.352187 0.415833 0.054375 0.063333
2 0.464062 0.364583 0.074375 0.077500
2 0.570937 0.423333 0.059375 0.068333
2 0.635938 0.394167 0.063125 0.066667
2 0.740000 0.364167 0.082500 0.068333
3 0.753437 0.597083 0.106875 0.347500
3 0.645312 0.595833 0.105625 0.281667
3 0.564688 0.588750 0.098125 0.244167
3 0.450000 0.567083 0.117500 0.307500
3 0.353438 0.578333 0.093125 0.256667
3 0.260313 0.587500 0.093125 0.256667
