0 0.185484 0.754601 0.145161 0.417178
0 0.519355 0.858896 0.122581 0.282209
0 0.393548 0.834356 0.129032 0.294479
0 0.645161 0.874233 0.109677 0.251534
0 0.491935 0.426380 0.080645 0.398773
0 0.366129 0.441718 0.093548 0.319018
0 0.180645 0.377301 0.096774 0.361963
0 0.703226 0.444785 0.096774 0.361963
0 0.848387 0.690184 0.096774 0.361963
0 0.904839 0.852761 0.100000 0.294479
0 0.782258 0.858896 0.145161 0.282209
0 0.348387 0.748466 0.116129 0.417178
0 0.619355 0.217791 0.096774 0.312883
2 0.362903 0.315951 0.041935 0.067485
2 0.388710 0.754601 0.061290 0.110429
3 0.395161 0.846626 0.080645 0.147239
3 0.343548 0.702454 0.067742 0.153374
3 0.654839 0.904908 0.077419 0.141104
