0 0.230071 0.452424 0.098890 0.351885
0 0.338547 0.578097 0.107972 0.409336
0 0.474773 0.739677 0.107972 0.409336
0 0.601917 0.551167 0.107972 0.409336
0 0.814834 0.707361 0.107972 0.409336
0 0.705348 0.401257 0.082745 0.378815
0 0.560040 0.282765 0.070636 0.353680
0 0.356206 0.297127 0.062563 0.292639
0 0.147326 0.755835 0.098890 0.384201
0 0.270434 0.882406 0.106963 0.235189
2 0.256811 0.842011 0.071645 0.096948
2 0.131685 0.622083 0.059536 0.087971
2 0.469728 0.584381 0.059536 0.087971
2 0.323915 0.417415 0.050454 0.080790
2 0.207366 0.319569 0.039354 0.068223
2 0.345610 0.196589 0.031282 0.055655
2 0.569122 0.159785 0.038345 0.064632
2 0.610999 0.391382 0.053481 0.075404
2 0.466700 0.298025 0.053481 0.075404
0 0.468718 0.412029 0.079717 0.317774
2 0.712916 0.262118 0.041372 0.075404
2 0.824924 0.566427 0.069627 0.109515
1 0.808779 0.692101 0.099899 0.174147
1 0.703330 0.363555 0.060545 0.159785
1 0.602926 0.507181 0.073663 0.177738
1 0.469728 0.695691 0.073663 0.177738
1 0.281029 0.929084 0.069627 0.141831
1 0.148335 0.721724 0.082745 0.175943
1 0.222503 0.412029 0.071645 0.159785
1 0.339556 0.525135 0.071645 0.159785
1 0.359233 0.282765 0.052472 0.134650
1 0.567104 0.257630 0.052472 0.134650
1 0.466700 0.394075 0.057518 0.159785
