0 0.337813 0.705855 0.076875 0.203022
1 0.340000 0.691218 0.055000 0.105760
0 0.269062 0.706799 0.076875 0.203022
1 0.266250 0.688385 0.055000 0.105760
1 0.603750 0.288952 0.046250 0.077432
0 0.600000 0.307838 0.076250 0.154863
0 0.750313 0.270538 0.065625 0.174693
1 0.749062 0.246931 0.040625 0.065156
0 0.187812 0.277148 0.065625 0.174693
1 0.190938 0.253541 0.040625 0.065156
0 0.442812 0.152502 0.049375 0.189802
1 0.445000 0.128423 0.033750 0.071766
2 0.764687 0.202077 0.023125 0.041549
2 0.580000 0.267705 0.018750 0.040604
2 0.334688 0.624174 0.035625 0.054769
2 0.275313 0.631728 0.024375 0.049103
2 0.191875 0.207743 0.022500 0.039660
2 0.442500 0.079320 0.025000 0.039660
0 0.118125 0.195467 0.041250 0.088763
2 0.118125 0.180359 0.021250 0.041549
