0 0.796774 0.552254 0.241935 0.866803
2 0.779032 0.172131 0.119355 0.114754
1 0.792742 0.403689 0.214516 0.274590
3 0.800806 0.470287 0.220968 0.420082
0 0.107258 0.539959 0.198387 0.911885
0 0.232258 0.604508 0.167742 0.790984
0 0.356452 0.563525 0.164516 0.610656
0 0.472581 0.582992 0.151613 0.530738
0 0.551613 0.579918 0.125806 0.491803
0 0.649194 0.581967 0.137097 0.573770
0 0.905645 0.565574 0.156452 0.684426
1 0.106452 0.419057 0.190323 0.313525
1 0.246774 0.467213 0.141935 0.278689
1 0.351613 0.463115 0.100000 0.213115
1 0.464516 0.494877 0.122581 0.190574
1 0.566129 0.505123 0.112903 0.178279
1 0.916935 0.457992 0.127419 0.231557
