0 0.251778 0.689552 0.213371 0.573134
0 0.418919 0.746269 0.152205 0.507463
0 0.578236 0.728358 0.152205 0.507463
0 0.498578 0.495522 0.152205 0.507463
0 0.330725 0.550746 0.123755 0.480597
0 0.656472 0.679104 0.123755 0.480597
0 0.808677 0.691045 0.166430 0.617910
3 0.810811 0.711940 0.105263 0.307463
3 0.675676 0.756716 0.105263 0.307463
3 0.586060 0.801493 0.125178 0.319403
3 0.421053 0.825373 0.125178 0.319403
3 0.250356 0.756716 0.125178 0.319403
3 0.930299 0.708955 0.105263 0.307463
3 0.668563 0.734328 0.091038 0.280597
