0 0.415365 0.369141 0.088542 0.273438
0 0.238281 0.439453 0.088542 0.273438
0 0.130859 0.550781 0.088542 0.273438
0 0.590495 0.354492 0.088542 0.273438
0 0.713867 0.325195 0.080078 0.115234
0 0.849935 0.258789 0.093099 0.175781
2 0.710938 0.299316 0.029948 0.041992
0 0.652018 0.318848 0.041016 0.112305
2 0.652018 0.286621 0.029297 0.040039
2 0.402018 0.260254 0.038411 0.041992
2 0.592773 0.252441 0.030599 0.059570
3 0.578451 0.320801 0.050130 0.116211
3 0.411133 0.342285 0.050130 0.116211
3 0.247721 0.408691 0.050130 0.116211
3 0.131836 0.522949 0.050130 0.116211
