2 0.46406250000000004 0.4777777777777778 0.037500000000000006 0.07777777777777778
2 0.5437500000000001 0.5638888888888889 0.059375000000000004 0.11666666666666667
2 0.634375 0.5041666666666667 0.06875 0.13055555555555556
2 0.6960937500000001 0.5208333333333334 0.0578125 0.09722222222222222
2 0.7976562500000001 0.5361111111111111 0.08281250000000001 0.15555555555555556
2 0.83984375 0.5013888888888889 0.0421875 0.09722222222222222
2 0.86875 0.5194444444444445 0.037500000000000006 0.06666666666666667
2 0.90390625 0.5625 0.035937500000000004 0.08055555555555556
2 0.94453125 0.5416666666666667 0.051562500000000004 0.10555555555555556
2 0.978125 0.5361111111111111 0.040625 0.11111111111111112
