2 0.6827272727272727 0.336986301369863 0.23454545454545456 0.3780821917808219
2 0.9463636363636364 0.3424657534246575 0.10363636363636364 0.2191780821917808
2 0.8545454545454545 0.32602739726027397 0.06909090909090909 0.136986301369863
2 0.8063636363636364 0.3493150684931507 0.04181818181818182 0.09041095890410959
2 0.5736363636363636 0.33013698630136984 0.08181818181818182 0.1726027397260274
2 0.38 0.27945205479452057 0.04727272727272727 0.0821917808219178
2 0.3463636363636364 0.28493150684931506 0.034545454545454546 0.07671232876712329
2 0.2727272727272727 0.24246575342465754 0.13818181818181818 0.2054794520547945
2 0.20545454545454545 0.2602739726027397 0.07636363636363637 0.1589041095890411
2 0.12545454545454546 0.26438356164383564 0.03636363636363636 0.057534246575342465
2 0.09454545454545454 0.27123287671232876 0.025454545454545455 0.0547945205479452
2 0.06 0.263013698630137 0.06909090909090909 0.1095890410958904
2 0.013636363636363636 0.25753424657534246 0.02727272727272727 0.12602739726027398
0 0.47 0.2602739726027397 0.12545454545454546 0.24657534246575344
0 0.8090909090909091 0.25616438356164384 0.02909090909090909 0.04657534246575343
2 0.5645454545454546 0.32465753424657534 0.06727272727272728 0.1726027397260274
2 0.01818181818181818 0.2452054794520548 0.03636363636363636 0.07945205479452055
