2 0.039 0.18618618618618618 0.078 0.21621621621621623
2 0.20400000000000001 0.2147147147147147 0.14 0.24324324324324323
2 0.352 0.2552552552552553 0.112 0.21021021021021022
2 0.496 0.27177177177177175 0.076 0.12312312312312312
0 0.40700000000000003 0.26726726726726724 0.058 0.13213213213213212
2 0.438 0.2807807807807808 0.036000000000000004 0.07507507507507508
0 0.263 0.2882882882882883 0.046 0.0960960960960961
2 0.131 0.22822822822822822 0.05 0.12612612612612611
0 0.801 0.2627627627627628 0.114 0.22522522522522523
0 0.713 0.3078078078078078 0.074 0.14114114114114115
2 0.516 0.3078078078078078 0.028 0.07507507507507508
