2 0.1991666666666667 0.41125 0.07166666666666667 0.1125
2 0.33083333333333337 0.33 0.055 0.1
2 0.42333333333333334 0.31625000000000003 0.03333333333333333 0.0575
2 0.45833333333333337 0.34375 0.03666666666666667 0.0625
2 0.4733333333333334 0.315 0.030000000000000002 0.055
2 0.6208333333333333 0.35875 0.035 0.0625
2 0.8258333333333334 0.35875 0.035 0.0575
0 0.09666666666666668 0.38 0.03333333333333333 0.045
0 0.24333333333333335 0.31625000000000003 0.023333333333333334 0.0425
0 0.26833333333333337 0.33875 0.02 0.0375
0 0.28750000000000003 0.33125 0.021666666666666667 0.0325
