2 0.3916666666666667 0.23869346733668342 0.09000000000000001 0.1658291457286432
2 0.5083333333333334 0.16834170854271358 0.07 0.135678391959799
2 0.645 0.16834170854271358 0.05 0.08542713567839195
2 0.7216666666666667 0.1984924623115578 0.07666666666666667 0.1457286432160804
2 0.78 0.23618090452261306 0.03333333333333333 0.06030150753768844
2 0.8416666666666667 0.23115577889447236 0.03666666666666667 0.07035175879396985
2 0.8866666666666667 0.22613065326633167 0.06666666666666667 0.15075376884422112
2 0.09166666666666667 0.10050251256281408 0.18333333333333335 0.20100502512562815
0 0.10500000000000001 0.314070351758794 0.21000000000000002 0.2663316582914573
0 0.23500000000000001 0.23115577889447236 0.030000000000000002 0.04020100502512563
2 0.28500000000000003 0.21608040201005024 0.023333333333333334 0.04020100502512563
0 0.9400000000000001 0.3592964824120603 0.11333333333333334 0.6884422110552764
