2 0.154 0.47210743801652894 0.04133333333333333 0.06818181818181818
2 0.3993333333333333 0.5144628099173554 0.04133333333333333 0.07024793388429752
2 0.4653333333333333 0.4927685950413223 0.048 0.07644628099173553
2 0.5793333333333334 0.490702479338843 0.04666666666666666 0.07644628099173553
2 0.6733333333333333 0.5103305785123967 0.050666666666666665 0.08264462809917356
2 0.744 0.4927685950413223 0.048 0.08884297520661158
2 0.88 0.5216942148760331 0.04533333333333333 0.08471074380165289
0 0.2653333333333333 0.5134297520661157 0.03733333333333333 0.06404958677685951
0 0.29466666666666663 0.493801652892562 0.032 0.05785123966942149
0 0.3293333333333333 0.4803719008264463 0.04 0.06818181818181818
