2 0.8125 0.37916666666666665 0.036111111111111115 0.06666666666666667
2 0.757638888888889 0.38958333333333334 0.04583333333333334 0.075
2 0.6854166666666667 0.3958333333333333 0.034722222222222224 0.0625
2 0.6520833333333333 0.39479166666666665 0.029166666666666667 0.04791666666666666
2 0.6159722222222223 0.4 0.03194444444444445 0.0625
2 0.5680555555555555 0.4 0.030555555555555558 0.05
2 0.5375 0.3802083333333333 0.02777777777777778 0.04791666666666666
2 0.5125000000000001 0.37604166666666666 0.036111111111111115 0.07708333333333334
2 0.4965277777777778 0.3927083333333333 0.02361111111111111 0.04375
2 0.4361111111111111 0.384375 0.036111111111111115 0.07291666666666667
2 0.3784722222222222 0.37083333333333335 0.04583333333333334 0.08333333333333333
2 0.3576388888888889 0.375 0.034722222222222224 0.07083333333333333
2 0.33611111111111114 0.4125 0.025 0.03333333333333333
2 0.3041666666666667 0.40520833333333334 0.019444444444444445 0.035416666666666666
2 0.2652777777777778 0.39375 0.04166666666666667 0.06666666666666667
2 0.20208333333333334 0.41770833333333335 0.02361111111111111 0.03958333333333333
2 0.1736111111111111 0.4041666666666667 0.019444444444444445 0.0375
2 0.14097222222222222 0.4 0.03194444444444445 0.058333333333333334
2 0.11805555555555557 0.403125 0.025 0.04791666666666666
2 0.0625 0.3927083333333333 0.03333333333333333 0.07291666666666667
2 0.03819444444444445 0.4 0.020833333333333336 0.0375
