2 0.42 0.36585365853658536 0.0575 0.10881801125703565
2 0.50375 0.3977485928705441 0.0525 0.0900562851782364
2 0.5525 0.39399624765478425 0.045 0.0825515947467167
2 0.61125 0.41369606003752346 0.0425 0.07692307692307693
2 0.771875 0.3714821763602251 0.07625 0.1200750469043152
2 0.715 0.43058161350844276 0.025 0.04690431519699812
2 0.6975 0.42026266416510316 0.015 0.052532833020637895
0 0.83125 0.4427767354596623 0.0175 0.026266416510318948
0 0.855 0.4268292682926829 0.0175 0.03189493433395872
0 0.9031250000000001 0.44652908067542213 0.01625 0.01876172607879925
0 0.921875 0.43151969981238275 0.01875 0.026266416510318948
0 0.9343750000000001 0.4399624765478424 0.00875 0.024390243902439025
