2 0.6590909090909091 0.34776902887139105 0.0533596837944664 0.06561679790026247
2 0.7391304347826086 0.35826771653543305 0.07114624505928853 0.09711286089238845
2 0.9061264822134387 0.31758530183727035 0.07707509881422925 0.11023622047244094
2 0.6531620553359684 0.2979002624671916 0.04940711462450593 0.06036745406824147
0 0.28656126482213434 0.33989501312335957 0.035573122529644265 0.05511811023622047
0 0.3211462450592885 0.5800524934383202 0.08893280632411067 0.1732283464566929
0 0.19960474308300394 0.4435695538057743 0.043478260869565216 0.06299212598425197
0 0.13932806324110672 0.4881889763779528 0.06521739130434782 0.08923884514435695
0 0.08498023715415019 0.46194225721784776 0.03952569169960474 0.08398950131233596
0 0.8043478260869564 0.3464566929133858 0.06719367588932806 0.08923884514435695
0 0.8221343873517786 0.49081364829396323 0.0909090909090909 0.15223097112860892
0 0.49999999999999994 0.3346456692913386 0.043478260869565216 0.06561679790026247
0 0.5464426877470355 0.31758530183727035 0.0533596837944664 0.08923884514435695
0 0.58399209486166 0.3136482939632546 0.037549407114624504 0.07086614173228346
0 0.6215415019762845 0.3215223097112861 0.04940711462450593 0.08661417322834646
