2 0.7977777777777778 0.27 0.09777777777777778 0.16666666666666669
2 0.6844444444444444 0.29333333333333333 0.06666666666666667 0.12666666666666668
2 0.5744444444444444 0.305 0.06444444444444444 0.11666666666666667
2 0.4988888888888889 0.315 0.06 0.09666666666666668
2 0.33666666666666667 0.32833333333333337 0.04666666666666667 0.09000000000000001
2 0.2544444444444444 0.305 0.03777777777777778 0.07666666666666667
2 0.10555555555555556 0.28500000000000003 0.07333333333333333 0.13
2 0.21 0.3516666666666667 0.04666666666666667 0.08333333333333334
0 0.3933333333333333 0.35833333333333334 0.035555555555555556 0.06333333333333334
0 0.2822222222222222 0.335 0.022222222222222223 0.043333333333333335
0 0.4288888888888889 0.3383333333333334 0.026666666666666665 0.043333333333333335
0 0.40444444444444444 0.325 0.022222222222222223 0.03666666666666667
0 0.5288888888888889 0.32666666666666666 0.03111111111111111 0.06666666666666667
0 0.9822222222222222 0.3866666666666667 0.022222222222222223 0.03333333333333333
