2 0.13333333333333333 0.28255813953488373 0.06666666666666667 0.10930232558139535
2 0.16083333333333336 0.32209302325581396 0.04166666666666667 0.08139534883720931
2 0.36750000000000005 0.30348837209302326 0.028333333333333335 0.06744186046511627
2 0.39333333333333337 0.30465116279069765 0.04 0.06976744186046512
2 0.41833333333333333 0.336046511627907 0.05 0.09069767441860466
2 0.47250000000000003 0.34186046511627904 0.05166666666666667 0.09767441860465116
2 0.5233333333333333 0.3558139534883721 0.060000000000000005 0.10697674418604651
2 0.54 0.3 0.04 0.06511627906976744
2 0.5825 0.2895348837209302 0.04166666666666667 0.06744186046511627
2 0.6041666666666667 0.3395348837209302 0.06833333333333334 0.11162790697674418
2 0.6633333333333333 0.3151162790697674 0.05 0.09069767441860466
2 0.7375 0.3116279069767442 0.06166666666666667 0.10232558139534884
2 0.8300000000000001 0.3383720930232558 0.06666666666666667 0.1186046511627907
