2 0.1125 0.3308270676691729 0.058333333333333334 0.11528822055137844
2 0.22583333333333336 0.3433583959899749 0.05166666666666667 0.11027568922305764
2 0.31333333333333335 0.3521303258145363 0.05333333333333334 0.09774436090225563
2 0.4058333333333334 0.35964912280701755 0.05166666666666667 0.08771929824561403
2 0.4791666666666667 0.3421052631578947 0.045000000000000005 0.08771929824561403
2 0.5641666666666667 0.3609022556390977 0.045000000000000005 0.09022556390977443
2 0.6433333333333334 0.38095238095238093 0.04666666666666667 0.09022556390977443
2 0.7041666666666667 0.38471177944862156 0.04833333333333334 0.08771929824561403
2 0.7975000000000001 0.37844611528822053 0.045000000000000005 0.08020050125313283
2 0.8833333333333334 0.37844611528822053 0.043333333333333335 0.08521303258145363
