2 0.21133333333333332 0.7275985663082437 0.04666666666666666 0.06810035842293907
2 0.268 0.7491039426523297 0.04533333333333333 0.07168458781362007
2 0.5873333333333333 0.7634408602150538 0.02 0.02867383512544803
2 0.6113333333333333 0.7661290322580645 0.022666666666666665 0.026881720430107527
2 0.7533333333333333 0.6272401433691757 0.016 0.021505376344086023
2 0.778 0.6362007168458781 0.014666666666666666 0.021505376344086023
2 0.816 0.6935483870967742 0.018666666666666665 0.025089605734767026
2 0.86 0.7231182795698925 0.016 0.023297491039426525
2 0.882 0.7204301075268817 0.014666666666666666 0.025089605734767026
2 0.4026666666666667 0.3548387096774194 0.021333333333333333 0.025089605734767026
2 0.42866666666666664 0.3234767025089606 0.02 0.034050179211469536
2 0.4686666666666667 0.278673835125448 0.014666666666666666 0.023297491039426525
2 0.5453333333333333 0.25089605734767023 0.016 0.025089605734767026
