2 0.088125 0.364476386036961 0.08125 0.14989733059548255
2 0.194375 0.4209445585215606 0.07125000000000001 0.1273100616016427
2 0.19375 0.3162217659137577 0.07 0.11909650924024641
2 0.28750000000000003 0.38398357289527724 0.065 0.13552361396303902
2 0.324375 0.41067761806981523 0.03875 0.10266940451745381
2 0.344375 0.3993839835728953 0.04125 0.11704312114989733
2 0.39687500000000003 0.42402464065708423 0.06375 0.12114989733059549
2 0.4475 0.4548254620123203 0.05 0.10882956878850103
2 0.603125 0.41067761806981523 0.04625 0.11088295687885011
2 0.62625 0.364476386036961 0.06 0.12114989733059549
2 0.67125 0.3603696098562629 0.0475 0.10882956878850103
2 0.724375 0.38193018480492813 0.05375 0.10677618069815195
2 0.7625000000000001 0.3737166324435318 0.0425 0.09856262833675565
2 0.84125 0.4353182751540041 0.05 0.10266940451745381
2 0.885 0.42402464065708423 0.05 0.09650924024640657
2 0.933125 0.4291581108829569 0.043750000000000004 0.09856262833675565
0 0.531875 0.4004106776180698 0.06125 0.11088295687885011
0 0.02 0.43121149897330596 0.04 0.10266940451745381
2 0.255625 0.3737166324435318 0.04125 0.09856262833675565
