2 0.26458333333333334 0.349375 0.08583333333333334 0.14125000000000001
2 0.8741666666666668 0.36 0.08166666666666667 0.16
2 0.7262500000000001 0.39437500000000003 0.0275 0.05375
2 0.020833333333333336 0.13875 0.018333333333333333 0.0325
2 0.08125 0.3425 0.015833333333333335 0.03
2 0.32708333333333334 0.355625 0.015833333333333335 0.02875
0 0.14583333333333334 0.33625 0.016666666666666666 0.025
0 0.14375000000000002 0.321875 0.015833333333333335 0.02625
2 0.1625 0.2525 0.011666666666666667 0.0225
2 0.28 0.265625 0.011666666666666667 0.02125
