2 0.867 0.27066666666666667 0.074 0.10933333333333332
2 0.637 0.24933333333333332 0.05 0.088
2 0.582 0.30133333333333334 0.056 0.096
2 0.54 0.24533333333333332 0.036000000000000004 0.06933333333333333
2 0.56 0.26666666666666666 0.032 0.064
2 0.468 0.316 0.07200000000000001 0.104
2 0.517 0.30933333333333335 0.054 0.10133333333333333
2 0.355 0.2826666666666667 0.078 0.128
2 0.425 0.27066666666666667 0.042 0.072
2 0.291 0.2693333333333333 0.058 0.096
2 0.23 0.316 0.096 0.14666666666666667
2 0.147 0.2813333333333333 0.07 0.10933333333333332
2 0.039 0.27466666666666667 0.078 0.13333333333333333
2 0.668 0.27599999999999997 0.028 0.06666666666666667
0 0.9540000000000001 0.25066666666666665 0.044 0.07466666666666666
0 0.905 0.24533333333333332 0.034 0.064
0 0.715 0.24666666666666665 0.042 0.06133333333333333
0 0.771 0.2533333333333333 0.026000000000000002 0.042666666666666665
