2 0.71125 0.35833333333333334 0.0725 0.12333333333333334
2 0.84875 0.33666666666666667 0.0675 0.12000000000000001
2 0.6325000000000001 0.3066666666666667 0.045 0.06666666666666667
2 0.5425 0.33166666666666667 0.05 0.08333333333333334
2 0.4225 0.32833333333333337 0.035 0.06333333333333334
2 0.34 0.33166666666666667 0.045 0.07666666666666667
2 0.3125 0.305 0.03 0.05666666666666667
2 0.22125 0.33 0.0575 0.09333333333333334
2 0.03125 0.36333333333333334 0.0625 0.1
2 0.08625000000000001 0.34833333333333333 0.0425 0.08333333333333334
