2 0.08625000000000001 0.38738738738738737 0.055 0.12162162162162161
2 0.161875 0.36373873873873874 0.04875 0.10135135135135136
2 0.22 0.36148648648648646 0.04 0.08783783783783784
2 0.280625 0.3795045045045045 0.03375 0.07882882882882883
2 0.354375 0.39864864864864863 0.03125 0.07207207207207207
2 0.43625 0.356981981981982 0.0325 0.06981981981981981
2 0.505 0.3738738738738739 0.0325 0.07657657657657657
2 0.56125 0.3716216216216216 0.035 0.07657657657657657
2 0.640625 0.34346846846846846 0.03375 0.07432432432432433
2 0.659375 0.38513513513513514 0.03375 0.08108108108108109
2 0.700625 0.3738738738738739 0.03875 0.0945945945945946
2 0.78625 0.39864864864864863 0.05 0.11261261261261261
2 0.8825000000000001 0.31644144144144143 0.05 0.11486486486486486
