2 0.07045454545454545 0.55 0.04393939393939394 0.064
2 0.1431818181818182 0.54 0.04696969696969697 0.064
2 0.10606060606060606 0.509 0.03636363636363636 0.054
2 0.2 0.561 0.03939393939393939 0.066
2 0.2431818181818182 0.524 0.03484848484848485 0.064
2 0.3560606060606061 0.547 0.045454545454545456 0.07
2 0.4393939393939394 0.512 0.045454545454545456 0.07200000000000001
2 0.5265151515151515 0.543 0.04090909090909091 0.07
2 0.6007575757575757 0.53 0.04090909090909091 0.076
2 0.7083333333333334 0.527 0.04696969696969697 0.078
2 0.8151515151515152 0.529 0.048484848484848485 0.08600000000000001
2 0.9234848484848485 0.517 0.05303030303030303 0.078
2 0.30606060606060603 0.526 0.03939393939393939 0.064
2 0.3712121212121212 0.512 0.03333333333333333 0.056
2 0.5848484848484848 0.515 0.03333333333333333 0.066
2 0.6931818181818182 0.532 0.04090909090909091 0.076
