2 0.07428571428571429 0.478494623655914 0.045714285714285714 0.11827956989247312
2 0.12428571428571429 0.467741935483871 0.04285714285714286 0.09677419354838711
2 0.18 0.45967741935483875 0.03428571428571429 0.08064516129032259
2 0.21428571428571427 0.48924731182795705 0.03428571428571429 0.06451612903225806
2 0.5457142857142857 0.478494623655914 0.03428571428571429 0.07526881720430108
2 0.5971428571428572 0.45430107526881724 0.03428571428571429 0.08064516129032259
2 0.4357142857142857 0.46505376344086025 0.037142857142857144 0.08064516129032259
2 0.4 0.45430107526881724 0.02857142857142857 0.06989247311827958
2 0.35428571428571426 0.46505376344086025 0.03428571428571429 0.08064516129032259
2 0.2757142857142857 0.47580645161290325 0.037142857142857144 0.06989247311827958
2 0.6314285714285715 0.46505376344086025 0.02857142857142857 0.08064516129032259
2 0.4928571428571429 0.467741935483871 0.037142857142857144 0.07526881720430108
0 0.7285714285714285 0.48655913978494625 0.03428571428571429 0.06989247311827958
2 0.7842857142857143 0.48655913978494625 0.03142857142857143 0.06989247311827958
