2 0.259 0.698948948948949 0.122 0.18768768768768768
2 0.195 0.6298798798798799 0.066 0.10960960960960961
2 0.2885 0.5975975975975976 0.047 0.06606606606606606
2 0.6950000000000001 0.6554054054054054 0.066 0.09759759759759759
2 0.866 0.6118618618618619 0.048 0.07057057057057058
2 0.8355 0.5923423423423423 0.031 0.05555555555555555
2 0.8140000000000001 0.5690690690690691 0.026000000000000002 0.04804804804804805
2 0.6445 0.6133633633633634 0.041 0.06756756756756757
2 0.394 0.6103603603603603 0.048 0.07957957957957958
2 0.4235 0.5773273273273273 0.029 0.06156156156156156
2 0.443 0.5630630630630631 0.024 0.04804804804804805
2 0.5475 0.5495495495495496 0.021 0.036036036036036036
2 0.604 0.5788288288288288 0.034 0.052552552552552555
2 0.5670000000000001 0.5630630630630631 0.02 0.03903903903903904
2 0.583 0.5758258258258259 0.024 0.04954954954954955
2 0.75 0.5885885885885885 0.04 0.057057057057057055
2 0.724 0.5675675675675675 0.024 0.03303303303303303
2 0.6825 0.5555555555555556 0.017 0.03303303303303303
2 0.649 0.5645645645645646 0.03 0.03903903903903904
2 0.3585 0.5615615615615616 0.029 0.04504504504504504
2 0.3935 0.5578078078078078 0.025 0.04054054054054054
2 0.379 0.4947447447447447 0.016 0.03153153153153153
2 0.457 0.56006006006006 0.018000000000000002 0.03303303303303303
2 0.2735 0.5495495495495496 0.021 0.036036036036036036
2 0.3035 0.5045045045045045 0.011 0.02702702702702703
2 0.337 0.5495495495495496 0.018000000000000002 0.03303303303303303
2 0.221 0.5555555555555556 0.024 0.04204204204204204
2 0.1695 0.5578078078078078 0.033 0.046546546546546545
2 0.1155 0.5615615615615616 0.035 0.06306306306306306
2 0.0635 0.4984984984984985 0.043000000000000003 0.06606606606606606
2 0.022 0.5900900900900901 0.044 0.08408408408408408
0 0.7325 0.5142642642642643 0.019 0.028528528528528527
