2 0.11266666666666666 0.463 0.06266666666666666 0.094
2 0.21533333333333332 0.519 0.052 0.082
2 0.30733333333333335 0.447 0.06533333333333333 0.09
2 0.26466666666666666 0.43 0.044 0.076
2 0.3753333333333333 0.512 0.05733333333333333 0.088
2 0.40599999999999997 0.491 0.04933333333333333 0.082
2 0.4493333333333333 0.493 0.05333333333333333 0.08600000000000001
2 0.40599999999999997 0.364 0.04133333333333333 0.084
2 0.49466666666666664 0.47300000000000003 0.042666666666666665 0.074
2 0.612 0.462 0.042666666666666665 0.08
2 0.5826666666666667 0.47800000000000004 0.029333333333333333 0.048
2 0.6946666666666667 0.26 0.06933333333333333 0.12
2 0.9333333333333333 0.375 0.06666666666666667 0.082
