2 0.1087962962962963 0.0756578947368421 0.09166666666666667 0.1513157894736842
0 0.4462962962962963 0.08717105263157894 0.06296296296296297 0.14144736842105263
0 0.30462962962962964 0.15707236842105263 0.0962962962962963 0.15625
0 0.1925925925925926 0.08799342105263157 0.06851851851851852 0.12664473684210525
2 0.1476851851851852 0.0649671052631579 0.05462962962962963 0.1299342105263158
2 0.5199074074074074 0.046052631578947366 0.05648148148148149 0.09210526315789473
0 0.6620370370370371 0.13898026315789472 0.07962962962962963 0.14638157894736842
0 0.7152777777777778 0.078125 0.07314814814814816 0.15625
0 0.6787037037037037 0.033717105263157895 0.05185185185185186 0.06743421052631579
0 0.7796296296296297 0.05427631578947368 0.061111111111111116 0.10855263157894736
0 0.9398148148148149 0.028782894736842105 0.04814814814814815 0.05756578947368421
0 0.9814814814814815 0.023848684210526314 0.03518518518518519 0.04769736842105263
