0 0.226171 0.576841 0.124394 0.287086
0 0.355008 0.572038 0.149435 0.279616
0 0.526656 0.592850 0.210016 0.293490
0 0.685380 0.584845 0.134895 0.286019
0 0.787157 0.832978 0.184976 0.334045
0 0.687399 0.842049 0.127625 0.315902
0 0.545638 0.839381 0.199515 0.321238
0 0.462036 0.837247 0.127625 0.325507
0 0.288368 0.819104 0.190630 0.361793
0 0.153069 0.812700 0.172052 0.353255
0 0.061389 0.784952 0.121163 0.430096
0 0.353796 0.768943 0.074313 0.261473
0 0.420840 0.724653 0.093700 0.183565
2 0.223748 0.469584 0.061389 0.064034
2 0.344911 0.479189 0.054927 0.083244
2 0.515347 0.487727 0.054927 0.083244
2 0.658724 0.500534 0.070275 0.076841
2 0.768982 0.723052 0.088853 0.107791
2 0.806543 0.760939 0.067044 0.096051
2 0.695477 0.724653 0.082391 0.104589
2 0.560178 0.735859 0.100969 0.122732
2 0.485460 0.721985 0.080775 0.107791
2 0.428918 0.676094 0.077544 0.092850
2 0.209612 0.696371 0.067044 0.084312
2 0.303312 0.697439 0.096123 0.120598
2 0.301696 0.695304 0.096123 0.120598
2 0.147415 0.695838 0.091276 0.132337
2 0.046446 0.636073 0.091276 0.132337
2 0.132876 0.870864 0.133279 0.243330
2 0.287964 0.880470 0.175283 0.239061
2 0.467286 0.890608 0.146204 0.218783
2 0.781906 0.905550 0.166397 0.188901
3 0.219305 0.561900 0.094507 0.139808
3 0.362278 0.567236 0.076737 0.150480
3 0.514943 0.586446 0.076737 0.150480
3 0.680129 0.602988 0.084006 0.183565
