0 0.644167 0.432138 0.111667 0.326504
0 0.920000 0.268886 0.131667 0.271447
0 0.387500 0.249040 0.090000 0.175416
0 0.282917 0.541613 0.095833 0.258643
0 0.130417 0.267606 0.142500 0.115237
2 0.406667 0.196543 0.040000 0.062740
2 0.294167 0.456466 0.040000 0.062740
2 0.633333 0.313060 0.040000 0.062740
2 0.906250 0.174776 0.039167 0.052497
2 0.087917 0.268246 0.039167 0.052497
3 0.642083 0.415493 0.064167 0.160051
3 0.893750 0.275928 0.064167 0.160051
3 0.280417 0.556338 0.064167 0.160051
3 0.136250 0.258643 0.094167 0.089629
