0 0.345000 0.496291 0.095000 0.473294
0 0.433333 0.470326 0.073333 0.379822
0 0.480417 0.469585 0.059167 0.357567
0 0.526250 0.478487 0.059167 0.357567
0 0.576250 0.487389 0.059167 0.357567
0 0.681667 0.558605 0.125000 0.642433
0 0.029583 0.339763 0.057500 0.172107
0 0.065417 0.322700 0.039167 0.158754
2 0.325417 0.297478 0.042500 0.069733
2 0.446250 0.320475 0.039167 0.056380
2 0.481250 0.323442 0.039167 0.056380
2 0.534167 0.331602 0.035000 0.051929
2 0.579167 0.340504 0.035000 0.051929
2 0.647083 0.289318 0.044167 0.071217
2 0.032917 0.285608 0.037500 0.054896
2 0.064583 0.273739 0.025833 0.040059
3 0.337917 0.431009 0.064167 0.188427
3 0.683333 0.456231 0.103333 0.244807
