0 0.336111 0.502717 0.427778 0.994565
2 0.347222 0.067935 0.208333 0.125000
3 0.361806 0.592391 0.323611 0.815217
1 0.338889 0.504076 0.272222 0.573370
0 0.683333 0.493207 0.150000 0.665761
0 0.786111 0.362772 0.150000 0.665761
0 0.956250 0.517663 0.087500 0.649457
2 0.760417 0.091033 0.062500 0.116848
2 0.682639 0.250000 0.056944 0.097826
2 0.973611 0.267663 0.052778 0.116848
1 0.972917 0.495924 0.054167 0.263587
1 0.786806 0.279891 0.120833 0.282609
1 0.688194 0.460598 0.104167 0.263587
3 0.684028 0.552989 0.109722 0.415761
