0 0.654375 0.565722 0.138750 0.652062
0 0.811875 0.675258 0.158750 0.649485
0 0.423125 0.452320 0.176250 0.842784
0 0.247500 0.447165 0.170000 0.837629
0 0.116875 0.438144 0.151250 0.814433
0 0.024375 0.489691 0.046250 0.778351
2 0.021250 0.143041 0.040000 0.074742
2 0.096875 0.097938 0.068750 0.113402
2 0.254375 0.095361 0.068750 0.113402
2 0.416875 0.087629 0.068750 0.113402
2 0.664375 0.298969 0.068750 0.113402
2 0.820000 0.430412 0.107500 0.159794
3 0.656250 0.587629 0.142500 0.453608
3 0.818750 0.711340 0.137500 0.407216
3 0.398750 0.327320 0.115000 0.448454
3 0.226250 0.333763 0.130000 0.404639
3 0.093125 0.362113 0.111250 0.409794
