0 0.096525 0.634021 0.146718 0.628866
0 0.185328 0.626289 0.123552 0.603093
0 0.357143 0.618557 0.135135 0.639175
0 0.270270 0.590206 0.138996 0.551546
0 0.474903 0.626289 0.138996 0.582474
0 0.575290 0.641753 0.138996 0.582474
0 0.857143 0.677835 0.169884 0.634021
0 0.749035 0.646907 0.154440 0.664948
0 0.654440 0.597938 0.111969 0.597938
1 0.096525 0.536082 0.131274 0.237113
1 0.185328 0.515464 0.131274 0.237113
1 0.270270 0.515464 0.100386 0.216495
1 0.364865 0.525773 0.135135 0.268041
1 0.472973 0.561856 0.135135 0.268041
1 0.565637 0.567010 0.135135 0.247423
1 0.650579 0.520619 0.096525 0.237113
1 0.741313 0.538660 0.131274 0.242268
1 0.859073 0.610825 0.158301 0.262887
