0 0.544750 0.629333 0.155500 0.596000
0 0.420750 0.620000 0.155500 0.596000
0 0.628500 0.445333 0.123000 0.420000
0 0.730000 0.363333 0.123000 0.420000
2 0.722000 0.204333 0.047000 0.066000
2 0.622000 0.255000 0.047000 0.066000
2 0.529250 0.370333 0.072500 0.083333
2 0.434250 0.362333 0.072500 0.083333
2 0.308750 0.413667 0.072500 0.083333
0 0.301250 0.615333 0.112500 0.516000
0 0.201250 0.603333 0.112500 0.516000
2 0.415250 0.548333 0.096500 0.282000
2 0.514250 0.556333 0.096500 0.282000
2 0.293250 0.560667 0.083500 0.216000
2 0.187250 0.552000 0.083500 0.216000
